0 0 0 0 0 0
0.1 0 0.0389264 0.0183192 0.375968 -2.0109
0.2 0 -0.0898195 -0.437754 -1.81291 -5.08982
0.3 0 -0.175973 -0.746185 -1.99836 -0.847697
0.4 0 -0.205608 -0.724176 -1.51206 1.6745
0.5 0 -0.196724 -0.630274 -0.357508 -0.526919
0.6 0 -0.0201187 -0.540764 1.06471 -2.02948
0.7 0 0.0127943 -0.493891 3.06031 3.56056
0.8 0 0.151385 -0.403766 0.471364 -0.54799
0.9 0 0.376574 -0.416978 3.72029 -0.241049
1 0 0.657073 -0.556905 1.96286 -4.26769
1.1 0 0.812304 -0.692576 2.34899 0.792462
1.2 0 1.06175 -0.654324 0.893983 -1.31535
1.3 0 1.08591 -0.745044 -0.831554 2.10758
1.4 0 0.90461 -0.625328 -2.41663 3.01207
1.5 0 0.72527 -0.644338 -1.35387 -2.28287
1.6 0 0.550952 -0.500654 -0.564875 2.35738
1.7 0 0.396287 -0.368423 -0.864737 4.01433
1.8 0 0.425783 -0.249822 2.885 -1.57477
1.9 0 0.417045 -0.370168 1.90545 -0.102951
2 0 0.689974 -0.449138 0.804873 -0.722979
2.1 0 0.758526 -0.315787 1.32146 3.18769
2.2 0 0.874571 -0.152905 0.904467 -0.322735
2.3 0 0.890859 -0.0688059 1.39661 0.768865
2.4 0 0.989055 -0.0859296 0.94481 -2.6429
2.5 0 1.1891 -0.279291 2.79041 -2.46882
2.6 0 1.23083 -0.461696 0.160489 -2.05
2.7 0 1.27181 -0.533178 0.193704 2.09031
2.8 0 1.40586 -0.33655 2.17463 0.267805
2.9 0 1.47094 -0.299875 -2.19058 -2.10036
3 0 1.51869 -0.495024 2.0595 -2.84451
3.1 0 1.42833 -0.560837 -1.95305 1.59254
3.2 0 1.40401 -0.685722 0.233353 1.01271
3.3 0 1.4717 -0.754169 -3.76469 1.32918
3.4 0 1.45137 -0.690742 1.49874 0.998893
3.5 0 1.68426 -0.777884 3.1871 0.691326
3.6 0 1.50452 -0.793398 -2.06849 -3.60721
3.7 0 1.60581 -1.08478 3.37666 -3.32647
3.8 0 1.80774 -1.12736 4.25429 -0.2231
3.9 0 2.07733 -1.12028 3.88555 -1.56842
4 0 2.28594 -1.18761 0.178943 -0.107091
4.1 0 2.54967 -1.33699 2.60675 -1.40473
4.2 0 2.65604 -1.20371 -1.12819 3.31502
4.3 0 2.65279 -1.17956 0.961676 -1.79475
4.4 0 2.8903 -1.30688 0.90038 2.47685
4.5 0 3.12154 -1.22916 0.959881 -1.84648
4.6 0 3.11367 -1.35666 0.803106 0.867117
4.7 0 3.16504 -1.24146 -0.534097 -2.1293
4.8 0 3.12812 -1.24052 0.352146 0.718069
4.9 0 3.1252 -1.23461 -0.248495 -1.11638
5 0 3.12326 -0.998015 -0.00430738 4.07183
5.1 0 3.17588 -0.796692 0.40556 2.41235
5.2 0 3.22855 -0.804202 -0.277731 -2.31691
5.3 0 2.99586 -0.93602 -1.46558 -0.00779
5.4 0 3.03378 -1.17248 0.141489 -0.258374
5.5 0 3.09895 -1.19275 0.369475 -1.41965
5.6 0 3.03299 -1.20246 -1.48338 -1.25049
5.7 0 2.92072 -1.28679 -1.05566 -1.46861
5.8 0 2.72254 -1.41697 -1.39542 -1.32183
5.9 0 2.66664 -1.38781 -0.713732 1.39443
6 0 2.72243 -1.09863 -0.43397 2.58021
6.1 0 2.66732 -0.920013 -0.346872 0.663533
6.2 0 2.52933 -0.816744 -2.28015 0.596688
6.3 0 2.37548 -1.03623 -0.403734 -1.56452
6.4 0 2.32035 -1.17529 1.55904 1.25474
6.5 0 2.37459 -1.04547 -0.22203 2.81133
6.6 0 2.54309 -1.12074 -1.47457 -0.808191
6.7 0 2.33181 -1.1389 -1.58386 -0.0316677
6.8 0 2.32029 -1.01806 -1.82964 0.463318
6.9 0 2.19149 -0.91569 -2.31218 1.31344
7 0 1.92493 -0.558635 -0.528608 5.05805
7.1 0 1.84278 -0.272361 -0.566682 1.80531
7.2 0 1.53411 0.0349751 -2.52788 2.29834
7.3 0 1.29356 0.253537 -2.1661 2.16214
7.4 0 1.18493 0.290477 -1.09665 -1.47041
7.5 0 1.31503 0.34418 0.586544 0.378056
7.6 0 1.39544 0.278799 1.90231 -1.22027
7.7 0 1.41581 0.272467 -1.72055 -0.353125
7.8 0 1.35834 0.226817 -0.075413 -1.35274
7.9 0 1.23801 0.279598 -1.76069 -0.56291
8 0 1.19226 0.320465 -1.1046 1.97628
8.1 0 1.22498 0.248522 0.696759 -0.532367
8.2 0 1.1293 0.223406 0.976321 -1.58508
8.3 0 1.23788 0.100238 1.81992 0.672778
8.4 0 1.12909 0.155349 0.343956 -1.24129
8.5 0 1.17167 0.039332 -0.924638 -1.93516
8.6 0 1.04053 -0.0183643 -2.02247 0.473314
8.7 0 0.7849 -0.139615 -2.96334 -1.62151
8.8 0 0.68516 -0.190412 -1.85803 -0.599529
8.9 0 0.584736 -0.085274 1.02158 0.765489
9 0 0.680344 0.034974 2.46157 1.06359
9.1 0 0.858041 0.149598 1.63038 0.953567
9.2 0 0.731765 0.21485 -0.610334 1.8523
9.3 0 0.917378 0.220414 -0.855372 -2.92378
9.4 0 1.03391 -0.0496492 1.56849 -1.9365
9.5 0 1.16875 -0.216881 -0.410785 1.47251
9.6 0 1.02234 -0.158736 0.92059 -2.01127
9.7 0 1.19215 -0.505201 1.95291 -3.90504
9.8 0 1.1679 -0.949767 -2.3474 -4.18439
9.9 0 0.876027 -1.24176 -3.65609 -2.42217
10 0 0.530015 -1.32447 -2.09096 0.535941
10.1 0 0.549983 -1.19165 0.613248 0.0954472
10.2 0 0.789687 -1.29977 1.91561 -3.5597
10.3 0 0.810471 -1.45778 0.384261 1.0532
10.4 0 0.76199 -1.44332 -1.29891 1.1599
10.5 0 0.698209 -1.6099 -0.759506 -1.17932
10.6 0 0.82056 -1.58659 1.5385 2.93673
10.7 0 0.834322 -1.42781 1.73192 2.16499
10.8 0 0.801582 -1.15719 -4.55692 1.50463
10.9 0 0.39279 -1.21646 -4.42006 -0.46792
11 0 0.233028 -1.17662 -0.749583 -1.06982
11.1 0 0.17719 -1.15205 -1.67618 0.32039
11.2 0 0.0739155 -1.1317 -0.190585 3.8334
11.3 0 0.0737567 -0.898918 0.361302 -2.13803
11.4 0 0.248326 -1.17455 0.614673 0.576148
11.5 0 0.406094 -1.15551 0.442722 -0.882251
11.6 0 0.448956 -1.34703 0.960358 1.11578
11.7 0 0.60597 -1.36121 3.15081 -0.599756
11.8 0 0.808074 -1.39404 2.25921 -0.463664
11.9 0 1.10983 -1.56318 2.30335 -0.192616
12 0 1.19352 -1.58218 0.700236 -2.10367
12.1 0 1.10777 -1.75145 -0.587552 -1.6239
12.2 0 1.21967 -1.99476 1.32046 -4.29954
12.3 0 1.18159 -2.20214 -2.44293 -3.61948
12.4 0 1.16652 -2.33044 1.31801 0.13125
12.5 0 1.1228 -2.68697 0.168845 -5.38827
12.6 0 1.10031 -2.96143 0.81452 -3.44271
12.7 0 1.31443 -3.21246 1.32857 -1.96547
12.8 0 1.31935 -3.3754 0.537179 -2.22777
12.9 0 1.21405 -3.49734 -1.76242 -3.70016
13 0 1.28588 -3.81404 0.93285 -1.24784
13.1 0 1.50647 -3.68292 1.1494 1.83015
13.2 0 1.49102 -3.34562 -0.193181 -2.13223
13.3 0 1.77014 -3.49026 1.90604 -2.22588
13.4 0 1.97234 -3.61487 1.1613 -2.39437
13.5 0 2.00354 -3.7574 0.794095 -2.4076
13.6 0 1.96259 -3.93176 0.450147 0.629514
13.7 0 1.95797 -3.73777 0.834867 -0.451276
13.8 0 1.84602 -3.73569 -2.45864 0.370762
13.9 0 1.83639 -3.80894 -0.970989 -1.2158
14 0 1.79661 -4.05723 -0.000638029 -3.60637
14.1 0 1.59361 -4.13749 -2.38977 0.167405
14.2 0 1.34065 -3.8135 -1.06939 2.8647
14.3 0 1.30489 -3.7954 0.42788 -1.48291
14.4 0 1.09619 -3.88357 -0.222153 -2.11497
14.5 0 1.33083 -3.94795 3.44973 -1.96079
14.6 0 1.68673 -4.0232 3.99879 -2.38792
14.7 0 1.90173 -4.22197 -2.17876 -0.865301
14.8 0 1.92952 -4.16575 0.557435 0.833377
14.9 0 2.03344 -4.20534 1.27369 0.638351
15 0 2.06295 -4.36106 0.0600865 -3.6813
15.1 0 2.03352 -4.25292 0.119775 1.27541
15.2 0 2.08949 -4.15255 2.7888 1.01894
15.3 0 2.18287 -4.1007 2.7089 -1.7917
15.4 0 2.24173 -4.24768 -1.63364 -0.0957928
15.5 0 2.21214 -4.3888 1.55354 -2.82799
15.6 0 2.01932 -4.46965 -2.39744 1.50629
15.7 0 1.88332 -4.42767 -1.99125 1.39185
15.8 0 1.82801 -4.17527 2.90488 2.12845
15.9 0 1.83527 -4.16103 -1.19111 -1.60812
16 0 1.68218 -4.25291 -0.844399 0.222042
16.1 0 1.49036 -4.16788 -3.26121 -1.82449
16.2 0 1.11136 -4.24472 -3.60182 -0.291845
16.3 0 1.04445 -4.13889 -1.38556 0.540985
16.4 0 1.18736 -3.82198 1.73302 2.62862
16.5 0 1.74441 -3.64455 4.99426 0.322693
16.6 0 2.16809 -3.82216 2.57828 -1.15035
16.7 0 2.11658 -3.69071 -2.62413 3.62239
16.8 0 1.93239 -3.46995 -0.585138 -1.33718
16.9 0 1.73103 -3.65455 2.18094 -2.71611
17 0 1.90541 -3.86253 3.19983 -1.11083
17.1 0 1.9379 -4.08865 2.0098 -2.95714
17.2 0 1.907 -4.30127 -0.262077 0.610815
17.3 0 2.02625 -4.19009 1.46893 0.697328
17.4 0 2.07818 -4.17726 -0.49493 -1.85504
17.5 0 2.29261 -4.26165 1.20601 -2.17107
17.6 0 2.21719 -4.28895 0.43893 1.03249
17.7 0 2.22364 -4.37457 0.439109 -1.29807
17.8 0 2.35904 -4.28538 0.645314 1.20443
17.9 0 2.39183 -4.18089 -0.625095 0.238281
18 0 2.15072 -4.01177 -2.28029 -0.98414
18.1 0 2.16351 -3.95441 0.358517 4.71909
18.2 0 2.01412 -3.69878 -1.1776 0.909135
18.3 0 1.98939 -3.68431 1.91236 1.0982
18.4 0 2.03574 -3.45431 0.72876 5.12459
18.5 0 1.96093 -3.17699 0.107389 2.08726
18.6 0 1.84755 -3.01634 -0.471451 4.56152
18.7 0 1.66438 -2.57701 -2.70477 2.42944
18.8 0 1.62231 -2.40636 2.41557 -0.816672
18.9 0 1.59403 -2.28593 -2.59243 2.50413
19 0 1.35981 -2.08235 -1.57738 -0.755701
19.1 0 1.15906 -2.07379 0.498828 -0.915915
19.2 0 1.00176 -2.05342 -0.898201 1.59211
19.3 0 0.921212 -2.08543 0.0602233 -0.107965
19.4 0 1.16862 -1.9498 -0.295696 4.75666
19.5 0 1.22445 -1.6994 0.717425 0.338078
19.6 0 1.48627 -1.48052 4.30293 1.55545
19.7 0 1.79802 -1.63508 4.48532 0.746071
19.8 0 2.19336 -1.78369 4.91184 -2.47214
19.9 0 2.21706 -1.84395 1.20746 1.19894
20 0 2.49387 -1.72732 4.15439 -0.625824
20.1 0 2.74708 -1.7928 -0.191808 0.530496
20.2 0 2.7639 -1.93867 0.656547 -0.358478
20.3 0 2.80862 -1.90418 0.155182 -2.2795
20.4 0 2.90747 -1.98243 -2.01631 0.712064
20.5 0 2.83169 -1.90762 -0.0536319 3.70541
20.6 0 2.82943 -1.70328 -1.37723 0.0582765
20.7 0 2.91174 -1.54737 2.93334 1.16985
20.8 0 3.02922 -1.60078 -0.544697 0.52368
20.9 0 3.08918 -1.48843 1.02177 -0.231693
21 0 3.21749 -1.45569 4.98758 2.84193
21.1 0 3.41533 -1.2876 -3.58195 1.61729
21.2 0 3.35125 -1.42589 0.2322 -2.80593
21.3 0 3.36258 -1.70629 3.52511 -3.59692
21.4 0 3.67901 -2.0405 1.66688 -2.5564
21.5 0 4.06126 -2.09617 3.47838 1.93705
21.6 0 4.35713 -2.00567 0.190571 0.659177
21.7 0 4.1546 -2.03265 -1.29257 -0.706208
21.8 0 4.01382 -1.99045 -0.131411 1.0676
21.9 0 4.08669 -1.97751 1.20729 -0.0838771
22 0 4.01434 -1.92781 -2.54534 1.37043
22.1 0 4.14851 -1.83071 2.12148 1.56698
22.2 0 4.19432 -1.80597 1.46615 0.441329
22.3 0 4.14755 -1.66285 -0.126764 -0.675104
22.4 0 4.28454 -1.75885 -0.065205 -0.751212
22.5 0 4.16864 -1.59692 -0.0494235 1.89115
22.6 0 4.08045 -1.48841 0.205662 0.675251
22.7 0 4.11878 -1.50862 -2.54947 -1.4726
22.8 0 3.86018 -1.5926 -2.57556 0.318974
22.9 0 3.69652 -1.7005 -1.96411 -0.0527596
23 0 3.40991 -1.74565 -4.46161 -0.782151
23.1 0 3.29961 -1.65342 0.750707 0.20232
23.2 0 3.31714 -1.78269 0.385152 -2.21199
23.3 0 3.35341 -1.79487 -1.2198 1.47589
23.4 0 3.26154 -1.79809 -2.05769 -2.19333
23.5 0 2.98494 -1.73646 -1.15547 -0.65991
23.6 0 2.9009 -1.73103 -0.113004 1.00273
23.7 0 2.93344 -1.84907 -3.25319 -0.752242
23.8 0 2.72745 -2.0173 -2.24955 -2.37363
23.9 0 2.71202 -2.00041 -1.83603 2.88732
24 0 2.69159 -2.09738 -0.241957 -0.695368
24.1 0 2.71159 -2.40001 -3.79652 -2.3488
24.2 0 2.50666 -2.69324 -1.3439 -1.23385
24.3 0 2.50248 -2.90538 0.932164 -1.35003
24.4 0 2.40042 -2.91589 -3.15505 0.894377
24.5 0 2.27431 -2.84239 -1.74213 3.67255
24.6 0 2.19638 -2.49239 -1.49311 4.58023
24.7 0 1.93563 -2.39038 -2.17195 -0.509416
24.8 0 1.74269 -2.41617 -2.72756 -1.66745
24.9 0 1.50476 -2.5516 -3.06954 -1.5806
25 0 1.55361 -2.56377 0.571705 3.72428
25.1 0 1.68975 -2.64437 -0.958687 0.77866
25.2 0 1.55185 -2.66873 -2.74619 0.240578
25.3 0 1.32059 -2.89601 -1.00888 -2.91817
25.4 0 1.26508 -2.99976 1.22455 3.00544
25.5 0 1.23784 -2.7984 -2.02714 0.247939
25.6 0 0.972427 -2.73079 -2.02612 -0.171701
25.7 0 0.733629 -3.01724 -2.28403 -6.16316
25.8 0 0.910672 -3.43927 3.67474 -0.349428
25.9 0 1.10986 -3.36725 -0.859467 2.60009
26 0 1.21208 -3.02846 4.23353 1.64163
26.1 0 1.33891 -2.685 0.718143 0.271813
26.2 0 1.30799 -2.66443 2.14221 1.17216
26.3 0 1.27011 -2.67429 1.01037 -1.03182
26.4 0 1.45204 -2.45303 1.40896 1.20291
26.5 0 1.50912 -2.33953 0.0768832 0.143041
26.6 0 1.6211 -2.51744 3.64908 -3.5774
26.7 0 1.85332 -2.81632 0.121947 -2.07555
26.8 0 1.80692 -3.11459 -0.315507 -5.79879
26.9 0 1.53909 -3.36027 -3.22078 -0.543723
27 0 1.62759 -3.36987 4.25736 0.176655
27.1 0 1.77606 -3.77873 2.07948 -5.87441
27.2 0 1.88322 -4.02219 -0.691603 -6.73712
27.3 0 1.69794 -4.44832 -2.58205 -2.75913
27.4 0 1.58469 -4.43918 -1.00658 0.132665
27.5 0 1.64557 -4.28534 0.323913 4.57864
27.6 0 1.72597 -3.88698 0.353562 2.71336
27.7 0 1.94339 -3.89156 3.74772 0.346881
27.8 0 2.16265 -4.01629 1.83405 -4.19333
27.9 0 2.27588 -4.32108 -1.08787 -1.45142
28 0 2.1186 -4.42924 0.467558 1.71242
28.1 0 1.97687 -4.2578 -0.783843 3.18371
28.2 0 2.01301 -4.18559 0.0703256 0.00195949
28.3 0 2.05204 -4.10824 0.653978 1.33932
28.4 0 2.09714 -4.03134 0.715216 -1.84397
28.5 0 1.97813 -4.27925 -2.08351 -4.67039
28.6 0 1.8872 -4.69178 1.37486 -3.17125
28.7 0 1.88415 -4.89213 1.47254 0.393428
28.8 0 1.99683 -4.63515 1.30895 1.72107
28.9 0 1.92499 -4.50068 -1.61245 0.528545
29 0 1.83304 -4.48765 0.514284 3.59293
29.1 0 1.88978 -4.06136 -2.11895 4.42314
29.2 0 1.80183 -3.95554 -1.5194 -0.443538
29.3 0 1.70406 -3.88861 1.0418 2.2988
29.4 0 1.89583 -3.90084 4.53365 -0.60773
29.5 0 2.03787 -3.87873 -1.18561 -1.4933
29.6 0 1.93609 -3.78948 -1.7421 -0.0822945
29.7 0 1.98195 -3.78286 3.02026 1.54925
29.8 0 1.99792 -3.83026 -1.80602 -1.07916
29.9 0 1.96684 -3.93065 -1.24185 -0.0714742
30 0 1.51931 -3.86679 -3.28828 1.26753
30.1 0 1.305 -3.93682 -1.51364 -2.3921
30.2 0 1.06743 -4.13243 -3.00052 0.389146
30.3 0 1.18553 -3.93427 2.32984 1.7131
30.4 0 1.424 -3.78588 4.14539 2.88704
30.5 0 1.65842 -3.62699 -0.0919694 -1.21924
30.6 0 1.61076 -3.80106 0.80484 -3.03392
30.7 0 1.70826 -3.84714 -1.37181 -0.114548
30.8 0 1.76117 -4.01373 0.555474 -5.43731
30.9 0 1.80441 -4.26828 0.294605 -0.784841
31 0 1.8555 -4.22785 3.17112 3.40351
31.1 0 1.93996 -4.05523 -0.461759 1.94774
31.2 0 1.88305 -4.11106 -1.55944 0.474482
31.3 0 2.00329 -4.1257 1.3753 1.22266
31.4 0 1.89052 -3.90998 -3.15042 2.35548
31.5 0 1.51074 -3.71892 -4.90405 -2.04665
31.6 0 0.969262 -3.65224 -4.00681 0.199522
31.7 0 0.601339 -3.6571 -1.00426 -0.965247
31.8 0 0.491831 -3.80462 -1.71626 -3.73214
31.9 0 0.620193 -3.98709 1.68362 -0.84135
32 0 0.556352 -4.0941 -3.15427 -0.661852
32.1 0 0.378719 -3.96952 -2.14076 1.68735
32.2 0 0.0868671 -4.05329 -3.18055 -0.584286
32.3 0 0.072574 -4.10445 3.2157 2.1356
32.4 0 0.198533 -4.04754 -0.487136 -2.46936
32.5 0 -0.0671477 -4.2901 -3.01178 -2.10011
32.6 0 -0.306405 -4.525 -3.82754 0.128485
32.7 0 -0.338313 -4.5461 2.27394 -0.974535
32.8 0 -0.184861 -4.63785 0.192236 -1.81181
32.9 0 -0.0174397 -4.8604 1.27819 -1.34395
33 0 0.0270829 -4.70066 1.48248 1.8261
33.1 0 0.274941 -4.42508 3.42594 3.18868
33.2 0 0.274035 -4.26812 -0.0426262 3.05006
33.3 0 -0.0265962 -4.21073 -5.75051 -0.101902
33.4 0 -0.163897 -4.23734 0.697572 -0.314949
33.5 0 -0.194077 -4.24265 0.773695 -1.39327
33.6 0 -0.159405 -4.57938 -0.538181 -3.64113
33.7 0 -0.0470782 -4.57898 2.85189 2.27006
33.8 0 0.215203 -4.57837 1.46245 -0.26836
33.9 0 0.199289 -4.44455 1.15911 -0.042361
34 0 0.377588 -4.45068 2.14841 1.19415
34.1 0 0.37244 -4.45936 0.169755 0.653813
34.2 0 0.506709 -4.62594 2.75512 -5.08469
34.3 0 0.467616 -5.0659 0.0664296 -2.46017
34.4 0 0.509114 -5.19632 2.59541 -2.06246
34.5 0 0.555772 -5.1378 0.504881 0.80537
34.6 0 0.52272 -4.96255 0.536419 1.33655
34.7 0 0.720437 -4.90326 4.0588 1.47769
34.8 0 0.717012 -4.89739 0.76873 -0.0595415
34.9 0 0.77789 -4.95017 -0.842867 0.859975
35 0 0.639599 -4.94742 -1.71811 -0.698712
35.1 0 0.645857 -4.9314 1.82545 -2.4774
35.2 0 0.895884 -5.08469 -1.77844 -1.41362
35.3 0 0.601965 -5.11211 -0.696923 -0.169712
35.4 0 0.523912 -4.92942 -5.46893 0.445988
35.5 0 0.230345 -5.05883 -1.44185 0.242644
35.6 0 0.133517 -5.21708 -2.49316 -5.02181
35.7 0 0.0744029 -5.67927 2.49168 -3.05796
35.8 0 0.143289 -5.84551 2.30391 0.664568
35.9 0 0.148033 -5.74746 0.0436778 1.6196
36 0 -0.209275 -5.70274 -1.9386 -0.378603
36.1 0 -0.423219 -5.73412 -0.794599 -1.6049
36.2 0 -0.702598 -5.99768 -5.29194 -0.33667
36.3 0 -1.08198 -6.02608 -2.15832 -0.874024
36.4 0 -1.32264 -6.30405 -2.87201 -2.59321
36.5 0 -1.4266 -6.34523 0.614808 2.20648
36.6 0 -1.62681 -6.17699 -2.48946 2.28733
36.7 0 -1.80838 -6.30843 -2.8998 -2.85421
36.8 0 -1.94619 -6.42188 0.666044 -1.84053
36.9 0 -1.82834 -6.41601 2.19677 0.984379
37 0 -1.7548 -6.23546 0.398655 4.62772
37.1 0 -1.94264 -5.90692 -0.647304 1.21228
37.2 0 -1.8609 -5.60293 0.998973 3.08443
37.3 0 -1.75722 -5.34638 2.72447 2.62902
37.4 0 -1.79011 -5.32773 -1.34999 1.75425
37.5 0 -1.78386 -5.1203 0.506721 2.11463
37.6 0 -1.89711 -5.09014 -3.42626 -1.06452
37.7 0 -1.93732 -5.12387 -0.183614 2.6204
37.8 0 -2.10144 -5.05584 -1.26698 1.54956
37.9 0 -2.18714 -4.87626 -0.434316 1.44117
38 0 -2.22075 -4.71463 1.95682 3.97645
38.1 0 -2.0908 -4.53958 0.932117 0.634093
38.2 0 -1.92217 -4.82921 -0.606725 -1.86016
38.3 0 -1.85132 -4.89089 1.21287 -1.20743
38.4 0 -1.84342 -5.06533 -2.8887 -2.61641
38.5 0 -2.09041 -5.32258 -1.22559 -3.39041
38.6 0 -2.08796 -5.37217 0.432727 0.275974
38.7 0 -2.16921 -5.31683 -0.951184 -0.18219
38.8 0 -2.17366 -5.28988 -1.26869 1.25975
38.9 0 -2.06618 -5.29976 1.38515 -1.22101
39 0 -1.93985 -5.49207 0.707299 -1.52589
39.1 0 -1.98956 -5.35817 0.252158 1.26226
39.2 0 -2.11545 -5.42038 -3.84785 0.433063
39.3 0 -2.17827 -5.49658 0.243683 0.801053
39.4 0 -2.19213 -5.41388 -1.71977 -0.0865786
39.5 0 -2.42929 -5.50963 -0.533841 -2.79216
39.6 0 -2.61158 -5.69384 -2.19513 -0.224362
39.7 0 -2.7956 -5.89287 -0.922776 -1.38258
39.8 0 -2.83899 -6.07509 0.352763 -0.480431
39.9 0 -2.82706 -6.21202 -3.98341 -1.12258
40 0 -3.00962 -6.25622 2.49167 -2.64565
40.1 0 -2.79757 -6.27852 1.59537 -1.19718
40.2 0 -2.72113 -6.285 1.17923 3.01076
40.3 0 -2.67644 -6.25914 1.39384 -1.04101
40.4 0 -2.80298 -6.38131 -1.91347 -0.0570725
40.5 0 -2.83195 -6.44978 -1.96631 -0.629008
40.6 0 -2.96053 -6.38001 -1.46322 0.841698
40.7 0 -2.97797 -6.39442 0.558138 -0.524774
40.8 0 -2.95984 -6.37224 1.22899 -0.271602
40.9 0 -2.54928 -6.44056 7.05046 0.432878
41 0 -2.23062 -6.42541 0.962852 -1.04778
41.1 0 -2.02442 -6.57541 0.633926 -0.976335
41.2 0 -1.96372 -6.48738 0.956444 0.0378092
41.3 0 -1.98536 -6.53975 -3.7579 -0.73154
41.4 0 -2.18552 -6.48542 -3.04856 0.220439
41.5 0 -2.37373 -6.42927 1.18948 0.844543
41.6 0 -2.24722 -6.47886 1.18095 -0.449573
41.7 0 -2.07849 -6.60094 0.442126 -0.815926
41.8 0 -2.33089 -6.76664 -5.35681 -0.105232
41.9 0 -2.58206 -6.71987 2.05502 3.46751
42 0 -2.55769 -6.60422 -1.51527 -0.597265
42.1 0 -2.7801 -6.78892 -2.57348 -2.94683
42.2 0 -2.72789 -7.07017 0.946868 -2.50343
42.3 0 -2.81902 -7.2012 -2.03338 -2.94946
42.4 0 -2.83062 -7.41322 -1.71872 -2.04751
42.5 0 -2.79895 -7.61953 2.32098 -0.879233
42.6 0 -2.39471 -7.816 3.97498 -1.79713
42.7 0 -2.14432 -7.73963 -0.738205 1.31771
42.8 0 -2.12115 -7.69289 0.135831 -0.075161
42.9 0 -2.19715 -7.94494 -1.38647 -2.95829
43 0 -2.23686 -8.0318 -1.54746 1.00097
43.1 0 -2.16809 -8.08211 2.02721 -1.30213
43.2 0 -1.98095 -8.20157 0.786361 -0.936578
43.3 0 -1.86972 -8.52677 0.023736 -4.5358
43.4 0 -1.74421 -8.73605 3.54547 -0.00311398
43.5 0 -1.57281 -8.86878 1.85538 -0.818056
43.6 0 -1.51483 -8.84129 -3.53633 -0.522316
43.7 0 -1.57713 -8.9848 -1.6988 -0.0689781
43.8 0 -1.44465 -9.14247 2.50998 0.625014
43.9 0 -1.20129 -9.16113 1.692 0.589125
44 0 -1.08333 -9.23064 -1.10984 -2.30139
44.1 0 -1.285 -9.16214 -2.59191 1.57745
44.2 0 -1.46553 -9.19402 -1.10663 -3.22883
44.3 0 -1.25404 -9.28089 2.82121 -1.89349
44.4 0 -1.01452 -9.26597 1.31757 1.38101
44.5 0 -1.05904 -8.98343 -2.02208 3.43427
44.6 0 -1.10416 -9.06006 -3.08417 -2.55141
44.7 0 -1.26545 -9.24064 -0.776234 -1.30961
44.8 0 -1.34636 -9.41328 -0.76877 -5.02047
44.9 0 -1.57436 -9.55333 -0.827874 0.754007
45 0 -1.59935 -9.3703 -0.638499 3.81905
45.1 0 -1.72522 -9.12607 -2.65025 0.151183
45.2 0 -1.7788 -9.03405 1.74703 2.1912
45.3 0 -1.6658 -8.84649 -0.751322 1.69794
45.4 0 -1.61604 -8.84874 0.873707 -2.40145
45.5 0 -1.60728 -9.0913 0.171984 -2.32323
45.6 0 -1.58503 -9.19367 0.504428 -0.978945
45.7 0 -1.70567 -9.17003 -2.04428 0.461011
45.8 0 -1.75854 -9.36018 -0.951537 -2.71005
45.9 0 -1.99539 -9.41706 -4.19709 1.89872
46 0 -2.21137 -9.31065 -3.28687 0.956718
46.1 0 -2.56442 -9.2071 -2.86698 2.1691
46.2 0 -2.55841 -9.10649 -0.791473 0.601634
46.3 0 -2.61145 -8.82472 -0.608797 2.64708
46.4 0 -2.42883 -8.68331 2.89975 -0.483286
46.5 0 -2.23131 -8.75713 -1.6305 -0.626807
46.6 0 -2.32549 -8.85497 0.74197 -0.234194
46.7 0 -2.30711 -8.8789 -0.497638 1.13249
46.8 0 -2.44732 -8.74741 -0.259095 3.04018
46.9 0 -2.34442 -8.41667 0.399661 4.36989
47 0 -2.27753 -8.20499 2.50077 0.615793
47.1 0 -1.94743 -7.81301 1.33837 6.28109
47.2 0 -1.8965 -7.62433 -0.684608 1.30481
47.3 0 -2.05946 -7.52955 0.768501 0.70411
47.4 0 -1.9048 -7.62902 0.0471658 -0.781209
47.5 0 -1.80863 -7.93691 1.23606 -1.84854
47.6 0 -1.68962 -8.02994 -1.89637 1.68775
47.7 0 -1.56529 -8.14123 0.615926 0.479669
47.8 0 -1.51503 -8.05288 1.72633 0.646568
47.9 0 -1.5109 -8.00294 -0.729596 0.766081
48 0 -1.6048 -7.91237 2.28972 1.45125
48.1 0 -1.51334 -7.99213 2.40655 -0.33236
48.2 0 -1.3979 -8.01555 0.630184 1.64819
48.3 0 -1.28255 -7.72169 1.44491 2.77433
48.4 0 -1.12413 -7.64854 2.43113 0.629591
48.5 0 -1.17902 -7.27291 -0.362338 1.35439
48.6 0 -1.36236 -7.2786 0.679625 -0.751269
48.7 0 -1.23645 -7.15521 -1.60165 3.82149
48.8 0 -1.26641 -7.17292 0.809374 -1.40662
48.9 0 -1.38248 -7.23981 -0.166633 0.676485
49 0 -1.44347 -7.45858 0.249629 -0.710879
49.1 0 -1.37648 -7.52157 2.3018 0.628983
49.2 0 -1.17287 -7.4521 1.52018 0.0146955
49.3 0 -1.03292 -7.42766 0.50871 -0.0146026
49.4 0 -0.936035 -7.39739 0.358761 0.0953737
49.5 0 -0.84853 -7.22837 3.28313 1.4812
49.6 0 -0.842132 -7.16861 2.28989 2.2618
49.7 0 -0.792827 -7.14812 -2.57229 -0.713912
49.8 0 -1.02298 -7.17499 -2.96412 -1.61139
49.9 0 -1.21337 -7.0706 1.06715 1.91071
50 0 -1.02402 -7.04574 2.70397 -0.627561
50.1 0 -0.897778 -7.03439 0.647166 0.256326
50.2 0 -0.798221 -7.1033 2.81862 -2.42562
50.3 0 -0.604514 -7.05206 0.535937 2.52931
50.4 0 -0.626064 -6.93072 -0.484558 -0.285545
50.5 0 -0.738809 -7.07518 -4.13768 0.184344
50.6 0 -0.981965 -7.05308 -3.20775 3.20829
50.7 0 -1.34065 -6.90266 -0.41244 -2.00587
50.8 0 -1.30703 -7.01398 0.757271 -0.998321
50.9 0 -1.20614 -6.96302 -2.19532 1.45709
51 0 -1.33531 -7.12498 -0.958258 -3.28688
51.1 0 -1.34227 -6.86845 -0.383715 3.86373
51.2 0 -1.28672 -6.81539 0.753438 1.32417
51.3 0 -1.13653 -6.92225 1.7329 -0.619448
51.4 0 -0.718664 -7.01527 5.737 -0.945247
51.5 0 -0.52996 -6.99592 -1.5596 -1.16216
51.6 0 -0.463597 -7.12138 1.62895 0.249099
51.7 0 -0.455693 -7.11233 0.557758 -1.88713
51.8 0 -0.476134 -7.19328 -3.01199 -0.139476
51.9 0 -0.693482 -7.32222 -1.74645 -1.42717
52 0 -0.66934 -7.37956 1.37474 -2.82137
52.1 0 -0.883356 -7.59824 -1.91439 -1.40533
52.2 0 -1.01231 -7.71301 -0.815606 2.44068
52.3 0 -1.24216 -7.55608 0.304554 1.83634
52.4 0 -1.32256 -7.5637 -0.265654 -0.0291841
52.5 0 -1.21044 -7.38616 2.87488 1.38699
52.6 0 -1.05884 -7.60881 0.194667 -3.73606
52.7 0 -1.08875 -7.64217 0.484899 1.35373
52.8 0 -1.32359 -7.6839 -2.96846 -1.98579
52.9 0 -1.46453 -7.77884 -0.770995 -1.11655
53 0 -1.51725 -7.63702 0.361851 1.51505
53.1 0 -1.42598 -7.62565 2.19215 -0.540259
53.2 0 -1.26726 -7.60106 -0.0376169 0.37578
53.3 0 -1.06099 -7.33731 3.87433 3.25486
53.4 0 -1.23851 -7.24969 -1.35756 0.0669278
53.5 0 -1.3451 -7.17479 -0.452732 -0.191701
53.6 0 -1.29567 -7.14264 0.315649 -0.443614
53.7 0 -1.38672 -7.3361 -2.52246 -2.02238
53.8 0 -1.43228 -7.31605 0.2957 2.77771
53.9 0 -1.50267 -7.07573 0.37528 2.7715
54 0 -1.35929 -6.92016 2.73625 2.23603
54.1 0 -1.34775 -6.80669 -0.259055 1.36183
54.2 0 -1.45618 -6.80787 -2.06012 1.14476
54.3 0 -1.48717 -6.70276 0.0656573 -0.741439
54.4 0 -1.34187 -6.80999 -1.04701 0.0539804
54.5 0 -1.58897 -6.82405 -0.294709 0.306976
54.6 0 -1.63202 -6.75344 -0.952469 2.0208
54.7 0 -1.60439 -6.88311 1.54979 -2.12302
54.8 0 -1.6863 -6.9539 -0.0856553 -1.16812
54.9 0 -1.79119 -7.01035 -1.81517 -2.81959
55 0 -1.75147 -6.87992 -0.209039 1.52378
55.1 0 -1.82427 -6.91469 -0.120993 -0.0367049
55.2 0 -1.53936 -7.01276 3.38656 -0.493768
55.3 0 -1.48179 -7.16234 -2.57102 0.141029
55.4 0 -1.55938 -7.22297 1.09419 -1.8822
55.5 0 -1.53917 -7.27583 -0.598888 -2.12487
55.6 0 -1.38602 -7.50614 1.27595 -0.564736
55.7 0 -1.42117 -7.50061 1.06224 -1.97494
55.8 0 -1.45152 -7.57711 -0.66708 2.98974
55.9 0 -1.319 -7.37568 2.44995 1.1883
56 0 -1.23591 -7.27016 -0.881068 0.0819317
56.1 0 -1.2783 -7.45643 -1.62623 -2.59426
56.2 0 -1.29224 -7.68457 2.90793 -3.5434
56.3 0 -1.18056 -7.85564 -1.11736 1.00227
56.4 0 -1.19619 -7.7219 -0.108911 2.23395
56.5 0 -1.05853 -7.77478 3.18954 -0.85391
56.6 0 -0.829512 -7.71408 3.55473 -1.14295
56.7 0 -0.835975 -7.51886 -0.473781 4.12116
56.8 0 -0.829389 -7.47641 -0.89752 -0.435726
56.9 0 -0.908517 -7.58028 1.04756 -0.191946
57 0 -0.938675 -7.51748 1.64224 -0.27934
57.1 0 -0.973634 -7.39151 -3.57158 -1.07367
57.2 0 -1.2203 -7.46326 -1.79139 -0.796806
57.3 0 -1.18069 -7.35987 3.07831 2.22744
57.4 0 -1.11284 -7.19297 1.20538 2.3826
57.5 0 -0.765091 -7.09556 3.01731 0.19662
57.6 0 -0.743901 -7.14018 -1.94677 -0.371978
57.7 0 -0.884874 -7.16134 -2.5134 1.96668
57.8 0 -1.0653 -7.06547 0.428654 0.673624
57.9 0 -0.977603 -6.90063 -2.96598 3.11837
58 0 -1.27043 -6.83307 -1.98262 0.163771
58.1 0 -1.40926 -6.70565 -0.535496 0.408628
58.2 0 -1.3785 -6.61136 0.651056 -0.844747
58.3 0 -1.27026 -6.53868 1.33771 0.311259
58.4 0 -1.23127 -6.37517 1.11131 3.36928
58.5 0 -1.24528 -6.15186 -0.775781 1.10021
58.6 0 -1.20172 -5.94909 -1.2589 2.51573
58.7 0 -1.25958 -5.92372 1.2265 -1.29705
58.8 0 -1.20434 -6.19598 -0.263425 -2.96134
58.9 0 -1.40442 -6.33749 -3.05054 -2.41543
59 0 -1.64075 -6.62626 0.208835 -2.74066
59.1 0 -1.51337 -6.78265 1.18399 2.65212
59.2 0 -1.42957 -6.8213 1.29146 0.223394
59.3 0 -1.19811 -6.84169 3.85871 -0.59698
59.4 0 -0.9279 -6.86051 1.11741 0.719483
59.5 0 -0.720871 -6.80631 1.87825 0.837566
59.6 0 -0.568987 -6.77537 2.56616 0.796095
59.7 0 -0.392591 -6.96039 0.843755 -1.88074
59.8 0 -0.419198 -7.01576 -1.99104 0.188003
59.9 0 -0.309332 -6.99897 3.81836 2.02174
60 0 -0.295109 -6.89503 -1.75228 1.75274
60.1 0 -0.361477 -6.83787 2.50312 0.273528
60.2 0 -0.199798 -7.00817 4.38906 -3.34532
60.3 0 0.107179 -7.2845 2.78471 -2.94605
60.4 0 0.492324 -7.32899 3.46699 0.381933
60.5 0 0.847851 -7.15493 4.17138 2.27676
60.6 0 1.19963 -7.08508 0.94996 -0.46246
60.7 0 1.36006 -7.08255 1.1614 0.626359
60.8 0 1.37548 -6.75474 0.18403 2.99854
60.9 0 1.31794 -6.72757 0.45499 -0.490319
61 0 1.31086 -6.55513 2.85531 -0.459773
61.1 0 1.51465 -6.56968 2.75967 -0.100752
61.2 0 1.75094 -6.42903 0.903836 2.22624
61.3 0 1.58306 -6.41747 -2.67619 -2.04676
61.4 0 1.64458 -6.4987 5.00275 2.1381
61.5 0 1.97417 -6.2794 -0.168458 2.74331
61.6 0 1.7609 -6.14607 -4.80534 0.386846
61.7 0 1.74321 -6.13635 1.45253 0.687984
61.8 0 1.83135 -5.9215 1.60068 0.114549
61.9 0 2.0212 -6.04443 4.13154 -0.981022
62 0 2.1604 -6.21143 0.323057 -0.299379
62.1 0 2.42565 -6.16618 0.976013 -0.565376
62.2 0 2.24582 -6.35677 -3.10982 -3.29831
62.3 0 2.03888 -6.6776 -1.90192 -3.43689
62.4 0 1.86486 -7.09829 -0.21877 -3.76594
62.5 0 2.11123 -7.32129 1.93423 1.55726
62.6 0 2.27553 -7.34056 -0.335099 -0.513146
62.7 0 2.36806 -7.36587 0.380834 0.432922
62.8 0 2.3918 -7.5058 -0.451905 -1.38377
62.9 0 2.35631 -7.488 1.88081 -1.93319
63 0 2.48892 -7.91256 -1.12353 -2.99006
63.1 0 2.29896 -8.01757 -4.81775 -0.407618
63.2 0 2.26706 -8.12166 1.18521 -0.957271
63.3 0 2.31797 -7.94533 -1.06024 4.64724
63.4 0 2.03651 -7.75901 -3.9436 0.0422731
63.5 0 1.99402 -7.76684 0.37589 -0.571973
63.6 0 1.84346 -7.76558 -1.50159 -2.80465
63.7 0 1.73865 -7.8154 -0.367588 1.06495
63.8 0 1.63542 -7.6513 2.38326 2.42398
63.9 0 1.67836 -7.64901 1.06437 -0.871353
64 0 1.73316 -7.81146 1.46917 -0.35151
64.1 0 1.65334 -7.81848 -2.64338 0.713627
64.2 0 1.59957 -7.77601 2.03041 -1.68399
64.3 0 1.54352 -7.76182 -1.87539 0.110386
64.4 0 1.50166 -7.4476 -0.569618 2.9933
64.5 0 1.40634 -7.31318 -0.498327 1.975
64.6 0 1.40255 -7.21735 1.27138 0.270218
64.7 0 1.28585 -7.0499 -2.41899 1.9855
64.8 0 1.12268 -6.91322 -0.537348 -1.16079
64.9 0 1.14228 -6.94008 0.29867 -2.35703
65 0 1.25967 -7.24973 2.24117 -2.14299
65.1 0 1.44537 -7.52336 -0.292193 -3.1656
65.2 0 1.20231 -7.48073 -4.46681 1.65519
65.3 0 0.975921 -7.3247 -0.506301 -0.142137
65.4 0 1.08592 -7.57681 -0.574895 -4.94887
65.5 0 0.973484 -7.67545 -1.26992 0.962099
65.6 0 0.940446 -7.35418 1.6843 3.4596
65.7 0 1.09732 -7.19982 0.355484 -1.47187
65.8 0 1.1807 -7.35866 2.02384 -0.528196
65.9 0 1.13775 -7.55282 -2.49395 -4.67824
66 0 0.963977 -7.96079 -0.996506 -3.06783
66.1 0 0.773475 -8.13856 -2.09347 -0.872046
66.2 0 0.658672 -8.31117 0.136036 -0.272534
66.3 0 0.675261 -8.2569 -0.138333 3.4539
66.4 0 0.670201 -8.01208 0.460273 2.8009
66.5 0 0.690798 -7.99533 0.757715 -0.646182
66.6 0 0.867305 -8.13885 2.65047 -0.0535957
66.7 0 1.0521 -8.1538 0.668358 2.14723
66.8 0 0.971101 -7.8492 1.95043 -0.500182
66.9 0 1.05339 -7.92462 1.23072 -2.40723
67 0 1.1128 -7.8209 0.356175 0.88642
67.1 0 1.13924 -7.60102 1.075 2.59641
67.2 0 1.16553 -7.56474 -2.75026 -1.91717
67.3 0 0.792934 -7.56761 -1.21485 1.69008
67.4 0 0.856417 -7.46205 0.747931 -0.363958
67.5 0 0.774842 -7.45119 -1.96694 1.57748
67.6 0 0.730763 -7.40804 -0.275267 0.22305
67.7 0 0.570258 -7.24311 -0.448181 1.03897
67.8 0 0.624431 -7.38267 0.347954 -2.06237
67.9 0 0.457794 -7.32891 -4.2448 1.97007
68 0 0.212225 -7.43161 -4.25785 -4.99048
68.1 0 -0.082048 -7.6404 -0.582377 2.72738
68.2 0 0.077995 -7.64147 2.45946 -1.872
68.3 0 0.402612 -7.81877 6.2461 -0.475039
68.4 0 0.98035 -7.96873 3.39326 -2.01378
68.5 0 1.14864 -8.10897 -1.56072 0.626941
68.6 0 0.869447 -7.84632 -2.09597 2.51486
68.7 0 0.886064 -7.66515 1.42652 -0.0544758
68.8 0 0.919316 -7.56656 -0.385245 -0.992636
68.9 0 0.860333 -7.79821 -0.944531 -0.597638
69 0 1.07189 -7.88318 1.1887 -3.26672
69.1 0 1.21622 -8.18258 -0.534911 -0.282698
69.2 0 1.09142 -8.16611 -2.36812 2.08066
69.3 0 1.16131 -8.04412 5.24532 0.118323
69.4 0 1.11477 -8.13013 -2.6627 -3.34399
69.5 0 0.693541 -8.39751 -5.49828 -0.856594
69.6 0 0.3916 -8.543 -3.24139 1.33899
69.7 0 0.0631108 -8.65266 0.729563 -4.25195
69.8 0 0.112548 -8.95803 1.39761 -3.1461
69.9 0 0.119285 -9.19439 0.137314 -1.1033
70 0 0.050234 -9.26694 -0.103529 -3.71705
70.1 0 0.169153 -9.60561 -1.02359 -4.48177
70.2 0 0.317386 -9.88517 1.75038 -1.79713
70.3 0 0.55705 -10.0232 1.33761 -0.487373
70.4 0 0.586421 -9.862 1.48219 0.125862
70.5 0 0.777713 -9.84721 1.77941 0.0358297
70.6 0 0.670288 -9.7929 -3.44643 2.20905
70.7 0 0.57643 -9.82205 0.299055 2.18588
70.8 0 0.512265 -9.63205 0.254764 1.56263
70.9 0 0.654416 -9.65414 1.15909 -0.653505
71 0 0.620563 -9.83436 -0.658289 -2.19751
71.1 0 0.639918 -9.81689 -0.0910322 0.333232
71.2 0 0.667419 -10.1411 -1.53736 -5.47512
71.3 0 0.458696 -10.3044 -3.54141 2.08334
71.4 0 0.209464 -10.133 0.618367 1.72806
71.5 0 0.185834 -9.93653 -0.882261 0.957891
71.6 0 0.0295019 -9.56915 -0.534992 1.67933
71.7 0 -0.129873 -9.54192 -0.593883 -1.0446
71.8 0 -0.252031 -9.52918 -0.150055 1.83741
71.9 0 -0.503023 -9.32566 -4.10833 0.0751626
72 0 -0.655768 -9.39953 0.50508 -1.72914
72.1 0 -0.322586 -9.78899 6.41675 -4.04479
72.2 0 -0.00494938 -10.1348 0.930807 -2.76106
72.3 0 0.0425137 -10.2465 -0.545337 -0.137982
72.4 0 -0.0407319 -10.1699 1.32571 -0.645245
72.5 0 0.127844 -10.0952 -0.854054 2.84965
72.6 0 -0.0078934 -10.0999 -0.328755 0.0908344
72.7 0 -0.145616 -10.174 -2.33407 -1.93897
72.8 0 -0.259681 -10.3396 -1.11934 -1.68488
72.9 0 -0.244611 -10.4972 -0.0900518 -1.50117
73 0 -0.138745 -10.6078 1.42735 -0.601471
73.1 0 -0.380578 -10.5079 -2.03441 -0.0729172
73.2 0 -0.482735 -10.6061 -2.78854 2.10562
73.3 0 -0.652034 -10.3051 -2.0154 4.96277
73.4 0 -0.857996 -10.1705 -2.85627 0.788314
73.5 0 -0.988313 -10.091 -0.0437023 1.57686
73.6 0 -1.01819 -9.93384 1.51067 2.1553
73.7 0 -0.933644 -9.90312 1.78542 -3.27565
73.8 0 -0.735089 -10.1632 1.46349 -0.354824
73.9 0 -0.814526 -10.2216 -1.53932 -3.49731
74 0 -0.564092 -10.4798 1.9494 1.15039
74.1 0 -0.4416 -10.3639 0.485665 1.41027
74.2 0 -0.178366 -10.4783 0.168063 -1.57374
74.3 0 -0.136103 -10.462 2.79019 1.07041
74.4 0 0.0573493 -10.8236 2.19806 -6.97731
74.5 0 0.120009 -11.1266 -1.36359 2.16513
74.6 0 0.0524592 -10.9154 1.12879 3.3703
74.7 0 0.190247 -10.7664 1.26606 4.09156
74.8 0 0.439296 -10.4953 -0.724483 0.911104
74.9 0 0.29134 -10.5777 0.748749 -1.74685
75 0 0.570327 -10.3912 2.63942 6.19934
75.1 0 0.701677 -9.85698 -0.289844 2.87305
75.2 0 0.567359 -9.55886 -1.56144 2.05951
75.3 0 0.659401 -9.31463 3.8247 0.0122455
75.4 0 0.807392 -9.29859 -3.50109 0.0451863
75.5 0 0.710182 -8.99085 -0.96903 3.30379
75.6 0 0.382353 -8.86893 -0.215523 -2.68361
75.7 0 0.725387 -9.01265 5.0156 1.51453
75.8 0 1.00826 -9.28709 -0.265462 -0.487255
75.9 0 1.07449 -9.23942 2.07997 0.353291
76 0 1.34515 -9.15344 2.75589 2.17055
76.1 0 1.68347 -8.96282 0.958364 0.736574
76.2 0 1.82368 -8.89328 1.01769 1.92511
76.3 0 1.80862 -8.62531 3.21144 1.12611
76.4 0 2.34961 -8.56769 6.32018 0.857067
76.5 0 2.63539 -8.49737 1.5818 -0.89443
76.6 0 2.61373 -8.48602 -1.6969 0.816282
76.7 0 2.35907 -8.61732 -0.622495 -0.396804
76.8 0 2.31253 -8.70204 1.5686 -1.25798
76.9 0 2.45613 -8.70667 1.01971 2.04993
77 0 2.45257 -8.54563 0.0582735 2.17725
77.1 0 2.49099 -8.44532 3.15569 0.55269
77.2 0 2.49017 -8.39927 -1.20095 -0.729962
77.3 0 2.21761 -8.40983 -1.84053 0.414044
77.4 0 2.07447 -8.39001 -0.491347 -1.20946
77.5 0 2.40944 -8.5334 6.2578 -1.65864
77.6 0 2.83269 -8.68359 3.41673 0.468031
77.7 0 2.76928 -8.71504 0.129997 -4.35326
77.8 0 2.75227 -8.91122 0.0358943 -1.26529
77.9 0 2.86465 -9.18001 3.45191 -3.51831
78 0 2.89542 -9.3883 -1.09976 -0.209601
78.1 0 2.89313 -9.5015 -1.71224 -1.41533
78.2 0 2.71778 -9.41178 -1.17331 -0.514741
78.3 0 2.9073 -9.44172 2.3407 1.5515
78.4 0 2.92675 -9.46457 0.672379 0.897622
78.5 0 2.81004 -9.43516 -2.90185 0.220381
78.6 0 2.48304 -9.25608 -1.82181 1.64703
78.7 0 2.31992 -9.07024 -1.15918 0.564336
78.8 0 2.30777 -9.22266 -0.0111371 -1.94435
78.9 0 2.14266 -9.19441 -1.46096 -2.39869
79 0 2.06274 -9.26814 0.935933 -0.828115
79.1 0 2.03852 -9.42325 -1.39646 -1.25125
79.2 0 2.14865 -9.40633 0.659001 0.784422
79.3 0 2.142 -9.57418 -2.5221 -0.0252805
79.4 0 1.90845 -9.44753 -2.02137 1.80911
79.5 0 1.99397 -9.39584 3.58771 0.254164
79.6 0 2.16235 -9.52358 -0.419253 -1.00917
79.7 0 2.12884 -9.56499 -0.375024 2.31108
79.8 0 2.11317 -9.37769 -1.02871 3.40482
79.9 0 2.17754 -8.84696 1.22717 4.39943
80 0 2.25074 -8.64296 1.19305 1.65089
80.1 0 2.10995 -8.71048 -1.08246 -1.18438
80.2 0 2.08888 -8.95906 0.481139 -0.930134
80.3 0 2.1376 -9.06822 3.56885 -1.95611
80.4 0 2.4304 -9.31221 2.01853 -3.43156
80.5 0 2.61375 -9.39857 2.37795 3.09142
80.6 0 2.5791 -9.03773 -2.71555 3.86274
80.7 0 2.50106 -8.77154 -3.6179 1.45405
80.8 0 2.49087 -8.5735 1.83678 -0.262814
80.9 0 2.52299 -8.32307 -0.885164 3.72519
81 0 2.69178 -8.10589 1.11039 1.27956
81.1 0 2.67431 -7.87375 -2.15426 1.21671
81.2 0 2.63428 -7.76888 2.40006 -1.10092
81.3 0 2.91027 -7.7995 2.30508 0.0671167
81.4 0 3.06811 -7.83239 2.96032 -0.1454
81.5 0 3.0385 -7.92067 -1.10951 -1.8117
81.6 0 3.2289 -7.98405 1.26197 0.588521
81.7 0 3.27646 -7.71378 -1.25645 2.6011
81.8 0 3.34506 -7.58293 0.28548 0.441367
81.9 0 3.46541 -7.65036 2.8166 0.733629
82 0 3.62441 -7.85048 1.14642 0.937618
82.1 0 3.56042 -7.75917 -0.866128 0.286797
82.2 0 3.41345 -7.66781 -0.503503 2.80337
82.3 0 3.29273 -7.45405 -1.11055 0.443696
82.4 0 3.27412 -7.44758 1.07305 -0.0791746
82.5 0 3.28031 -7.27546 0.260633 1.35453
82.6 0 3.48908 -7.22121 -1.03878 -0.595643
82.7 0 3.28177 -7.36288 -2.15329 0.167166
82.8 0 2.94714 -7.30863 -6.36341 2.258
82.9 0 2.69364 -7.3227 -2.12289 1.00051
83 0 2.53445 -7.45013 0.686739 -4.04551
83.1 0 2.80848 -7.52949 1.80285 -0.205281
83.2 0 3.05127 -7.49658 3.47708 0.711649
83.3 0 3.07265 -7.6099 -2.7592 -1.19406
83.4 0 2.9677 -7.66838 0.535698 -0.057307
83.5 0 3.05422 -7.80588 0.423907 0.244275
83.6 0 2.96027 -7.82778 -0.550432 0.956031
83.7 0 2.87621 -7.71604 -2.2132 -0.920667
83.8 0 2.60509 -7.72813 -1.93784 -1.66163
83.9 0 2.58159 -7.72544 1.02044 3.15007
84 0 2.59699 -7.70625 -1.57012 0.834287
84.1 0 2.60467 -7.71543 3.43347 1.34787
84.2 0 2.64806 -7.58576 0.294275 0.0416394
84.3 0 2.61313 -7.44739 2.49689 2.79558
84.4 0 2.53639 -7.41591 -3.53058 1.88708
84.5 0 2.31615 -7.30364 -1.61474 1.89864
84.6 0 2.14667 -7.32331 -1.24129 0.119104
84.7 0 2.14339 -7.56194 -0.970433 0.512875
84.8 0 2.11039 -7.488 1.81719 1.4703
84.9 0 2.27986 -7.45729 0.167377 -3.51041
85 0 2.24735 -7.65769 0.718214 -2.16591
85.1 0 2.32 -7.85577 0.0635081 -3.13149
85.2 0 2.30398 -8.09281 -0.884938 -0.364369
85.3 0 2.28393 -8.14324 -1.92078 0.0214726
85.4 0 2.15585 -8.27829 -0.46978 -0.13504
85.5 0 2.26373 -8.20335 -0.415118 2.07835
85.6 0 2.4347 -8.09427 2.79259 0.20779
85.7 0 2.54853 -7.99284 1.74462 -0.791641
85.8 0 2.85452 -7.82171 -0.0640237 3.66854
85.9 0 2.71556 -7.87819 -0.423146 -1.34239
86 0 2.39434 -8.0508 -2.05361 -2.38165
86.1 0 2.25492 -8.25574 0.916682 -1.77215
86.2 0 2.22428 -8.49242 -0.791264 -2.41701
86.3 0 2.25785 -8.67455 0.906222 0.569804
86.4 0 2.41276 -8.7273 3.21545 -2.22894
86.5 0 2.5179 -8.73546 -0.0864815 0.165186
86.6 0 2.57573 -8.55113 -0.730789 1.43449
86.7 0 2.46155 -8.59099 -0.114237 -0.100864
86.8 0 2.50138 -8.59887 -1.09454 0.453078
86.9 0 2.48586 -8.49337 -0.594275 2.26669
87 0 2.29276 -8.49077 -2.24075 0.14379
87.1 0 1.97832 -8.6637 -3.93866 -4.42285
87.2 0 1.64983 -8.94825 -2.34158 -1.63608
87.3 0 1.439 -8.97311 -2.51925 1.26203
87.4 0 1.22254 -8.97366 -0.775269 -0.853958
87.5 0 1.09632 -8.94716 -0.764636 1.25735
87.6 0 1.02847 -8.98362 -0.830915 -2.67308
87.7 0 1.02907 -9.06539 -2.10715 -0.765932
87.8 0 1.05356 -9.1376 2.08927 -0.304043
87.9 0 1.05808 -9.12447 -3.29712 0.384904
88 0 0.923781 -8.87611 0.503898 1.91873
88.1 0 0.802671 -8.81948 -5.05098 0.0225511
88.2 0 0.510772 -9.00084 -3.307 -1.05354
88.3 0 0.312952 -8.97534 -2.54474 1.99199
88.4 0 0.211816 -8.72021 -1.74084 3.87276
88.5 0 0.127117 -8.37441 -0.921674 0.938232
88.6 0 -0.198126 -8.28358 -5.51198 -0.177037
88.7 0 -0.632 -8.35803 -3.55583 -1.30999
88.8 0 -0.808655 -8.40212 -0.583387 1.56185
88.9 0 -0.975869 -8.18899 -0.967439 -0.398517
89 0 -1.23756 -8.33889 -1.00554 0.839675
89.1 0 -1.33895 -8.38645 -1.31681 0.577474
89.2 0 -1.3036 -8.47628 1.24429 0.268728
89.3 0 -1.34346 -8.28564 -0.183617 2.92327
89.4 0 -1.28026 -8.08313 -0.777778 1.17251
89.5 0 -1.26531 -7.93274 0.636848 0.163092
89.6 0 -1.23271 -7.95945 -0.147582 0.454779
89.7 0 -1.33979 -7.93949 -0.110319 2.16118
89.8 0 -1.25012 -7.95295 1.50226 1.57755
89.9 0 -1.21856 -8.00785 0.127022 -1.77609
90 0 -1.10198 -8.09136 4.33648 -1.18429
90.1 0 -0.764521 -8.13047 2.60648 -0.131928
90.2 0 -0.669975 -8.28271 -0.113133 -1.92228
90.3 0 -0.917366 -8.62185 -0.707304 -3.78455
90.4 0 -1.08392 -8.83422 -2.6482 0.177265
90.5 0 -1.16636 -8.88038 -1.36779 2.81338
90.6 0 -1.14362 -8.78661 1.18882 -1.27493
90.7 0 -1.1681 -8.72012 -2.75878 3.97799
90.8 0 -1.34662 -8.55466 1.28852 1.25941
90.9 0 -1.45208 -8.48102 -0.979415 0.0768426
91 0 -1.67134 -8.64366 -1.04513 -2.84249
91.1 0 -1.85504 -8.59721 0.93997 3.52778
91.2 0 -1.70272 -8.40763 4.15463 1.67058
91.3 0 -1.52495 -8.31874 0.0487066 -0.515155
91.4 0 -1.73308 -8.4173 -1.22183 0.130284
91.5 0 -1.95516 -8.48985 -4.01712 -1.82317
91.6 0 -2.50183 -8.59064 -3.2941 1.16142
91.7 0 -2.72884 -8.53817 -1.57005 3.07528
91.8 0 -2.76416 -8.30774 0.01078 2.6668
91.9 0 -2.60546 -8.30625 -0.0457273 -2.71685
92 0 -2.48991 -8.44719 1.51291 -1.11468
92.1 0 -2.516 -8.64661 0.675941 -2.60232
92.2 0 -2.44043 -8.66816 1.08381 2.37102
92.3 0 -2.19284 -8.46743 0.812168 3.11458
92.4 0 -2.23747 -8.32717 -1.15422 -0.390629
92.5 0 -2.21343 -8.26737 2.03306 3.36297
92.6 0 -2.07271 -8.04007 -0.580146 3.48491
92.7 0 -1.96741 -7.62031 2.09841 2.45046
92.8 0 -1.82893 -7.79752 0.909177 -2.06169
92.9 0 -1.57319 -7.72654 2.54431 1.56754
93 0 -1.30053 -7.76687 0.890484 -0.99514
93.1 0 -1.17554 -7.60007 1.23779 2.53751
93.2 0 -0.986742 -7.42651 0.544093 0.136604
93.3 0 -0.910253 -7.28862 1.30645 3.09024
93.4 0 -0.788835 -6.92129 3.66905 4.19152
93.5 0 -0.615794 -6.80794 0.521345 0.929174
93.6 0 -0.504143 -6.80009 1.64366 2.13461
93.7 0 -0.245293 -6.77656 0.744174 -1.42584
93.8 0 -0.175519 -6.75968 -0.290049 1.35313
93.9 0 -0.223843 -6.53029 1.35084 3.22883
94 0 -0.25269 -6.55719 0.137425 -2.88271
94.1 0 -0.124431 -6.82212 -0.116928 -2.6693
94.2 0 0.0440041 -7.11436 2.73474 -1.2962
94.3 0 0.221094 -7.02424 2.31419 -1.2423
94.4 0 0.266557 -6.95736 -0.0812344 1.55679
94.5 0 0.053943 -6.95459 -2.6696 -0.0638687
94.6 0 -0.157335 -6.83189 -1.51186 0.396108
94.7 0 -0.497687 -6.83847 -6.8428 -0.14315
94.8 0 -0.920377 -6.704 -2.64413 1.86502
94.9 0 -1.14321 -6.59996 -2.05036 0.0107318
95 0 -1.2967 -6.58485 -1.94325 -1.78094
95.1 0 -1.17823 -6.44764 -0.693687 -1.09156
95.2 0 -1.50989 -6.60975 -2.63084 -1.05888
95.3 0 -1.71107 -6.55938 -0.268639 2.33502
95.4 0 -1.88857 -6.55188 -0.822115 -0.665261
95.5 0 -1.72036 -6.55912 4.48892 -0.897859
95.6 0 -1.56183 -6.65876 0.480113 -0.429179
95.7 0 -1.69249 -6.73119 -2.07623 0.464589
95.8 0 -1.79437 -6.58617 -3.00632 2.40925
95.9 0 -1.89402 -6.46291 1.38633 1.09251
96 0 -1.65834 -6.52626 0.527191 1.41547
96.1 0 -1.53564 -6.61311 1.389 -0.203818
96.2 0 -1.58668 -6.72021 -0.649259 -3.12067
96.3 0 -1.48118 -6.9782 -0.087391 -1.71871
96.4 0 -1.33517 -7.02045 3.12649 0.605068
96.5 0 -1.1528 -6.91553 1.3222 2.00901
96.6 0 -1.1351 -6.64515 2.06851 1.45235
96.7 0 -1.11647 -6.45762 -0.810386 3.48987
96.8 0 -1.30816 -6.64466 0.103003 -3.3969
96.9 0 -1.25786 -6.88038 0.896644 0.371481
97 0 -1.22419 -6.86598 0.137801 2.32405
97.1 0 -1.22737 -6.51489 -1.86421 3.12618
97.2 0 -1.26152 -6.3633 0.912543 0.552275
97.3 0 -1.45569 -6.30738 -5.49429 3.30656
97.4 0 -1.77387 -6.36843 -3.40811 -0.271634
97.5 0 -1.88109 -6.34387 -2.56577 0.522801
97.6 0 -2.19804 -6.45067 -1.7524 -1.89736
97.7 0 -2.35157 -6.5972 -1.03333 -3.81275
97.8 0 -2.48722 -6.82332 -0.124698 -2.89437
97.9 0 -2.48972 -6.86861 0.47559 0.492604
98 0 -2.34508 -6.90621 2.29254 0.120872
98.1 0 -2.36524 -6.7524 -2.13833 1.4961
98.2 0 -2.5986 -6.49543 1.24328 2.42978
98.3 0 -2.5091 -6.39917 -0.99005 1.05353
98.4 0 -2.23283 -6.45128 7.13235 -2.714
98.5 0 -1.8673 -6.52556 2.29649 -0.0887405
98.6 0 -1.96522 -6.50642 -2.14261 0.472993
98.7 0 -2.10572 -6.41872 -2.71434 2.7013
98.8 0 -1.94333 -6.46076 1.17491 -0.836543
98.9 0 -2.01365 -6.45392 -2.05259 0.45855
99 0 -2.1729 -6.53007 -2.71785 -0.464638
99.1 0 -2.20078 -6.59775 0.417493 -1.57116
99.2 0 -2.24003 -6.76226 -0.738914 -2.36307
99.3 0 -2.17464 -6.70876 3.73536 1.30584
99.4 0 -1.86438 -6.64512 3.22142 0.0674397
99.5 0 -1.87067 -6.50605 -1.38443 -0.733529
99.6 0 -2.01939 -6.72209 1.49441 -1.08843
99.7 0 -2.0913 -6.63909 0.0892253 1.82267
99.8 0 -1.87798 -6.28977 2.97842 1.49092
99.9 0 -1.81621 -6.12171 0.829231 0.602624
100 0 -1.74304 -6.28924 0.0703271 -1.36728
